{
  "target_x": -7.66,
  "error_x": 0.07067906102233579,
  "target_y": 4.65,
  "error_y": 0.054411066702287236,
  "target_d": -87.17055336100368,
  "error_d": 4.6307979407821165
}