{
  "start": 1682458472.947093,
  "found_basket": 3.0673892498016357,
  "nav_basket": 19.965260982513428,
  "pickup_basket": 52.8033983707428,
  "nav_couch": 72.21148371696472,
  "place_basket": 88.31495070457458,
  "nav_home": 130.82313013076782
}