{
  "start": 1682458887.5724196,
  "found_basket": 3.075122594833374,
  "nav_basket": 15.172646522521973,
  "pickup_basket": 40.00281000137329,
  "nav_couch": 57.812517404556274,
  "place_basket": 77.88819456100464,
  "nav_home": 99.4463517665863
}