{
  "start": 1682454939.017718,
  "found_basket": 10.075980186462402,
  "nav_basket": 1682454949.9768946,
  "pickup_basket": 46.53999948501587,
  "nav_couch": 1682454967.3345733,
  "place_basket": 68.4483871459961,
  "nav_home": 1682455027.0428932
}