{
  "target_x": -7.28,
  "error_x": 0.06040341625617884,
  "target_y": 4.83,
  "error_y": 0.06846668409013379,
  "target_d": -67.34039395564982,
  "error_d": 3.314408495791099
}