{
  "target_x": -7.23,
  "error_x": 0.04576397772383345,
  "target_y": 2.46,
  "error_y": 0.003561115857666053,
  "target_d": 90.81269246661806,
  "error_d": 0.6928599939286499
}