{
  "start": 1682459286.1551678,
  "found_basket": 3.0546998977661133,
  "nav_basket": 12.882489204406738,
  "pickup_basket": 29.097657442092896,
  "nav_couch": 55.95413088798523,
  "place_basket": 75.8675000667572,
  "nav_home": null
}