{
  "target_x": -7.08,
  "error_x": 0.0019966794376555796,
  "target_y": 4.58,
  "error_y": 0.06292684750416022,
  "target_d": -88.05881983248062,
  "error_d": 2.226222275634285
}