{
  "target_x": -7.23,
  "error_x": 0.030624216133722904,
  "target_y": 2.46,
  "error_y": 0.0011286281921916164,
  "target_d": 90.81269246661806,
  "error_d": 3.443113836289868
}