{
  "target_x": -7.23,
  "error_x": 0.032778334970183565,
  "target_y": 2.46,
  "error_y": 0.0698590835224957,
  "target_d": 90.81269246661806,
  "error_d": 1.8315682253957846
}