{
  "start": 1682459673.813111,
  "found_basket": 3.030467987060547,
  "nav_basket": 18.4542977809906,
  "pickup_basket": 50.84431576728821,
  "nav_couch": 67.90412020683289,
  "place_basket": 84.32869219779968,
  "nav_home": null
}