{
  "target_x": -7.23,
  "error_x": 0.08029206227417518,
  "target_y": 2.46,
  "error_y": 0.039381228939531,
  "target_d": 90.81269246661806,
  "error_d": 0.5280347505083256
}