{
  "target_x": -6.93,
  "error_x": 0.017773905321582184,
  "target_y": 4.67,
  "error_y": 0.065429632881993,
  "target_d": -89.86308817980125,
  "error_d": 3.863660311492879
}